2.27757243522
-3.70311903311
-3.7941576202
-1.66362185605
-0.305041531295
0.269912870346
4.21585617318
0.991660955787
4.27089971485
-0.679411140567
2.78139261427
-0.00355171434036
-4.12790844401
-0.427239395672
0.973901234782
-4.65937835613
-1.52244672409
8.18568879003
-2.11976922656
-0.312306581337
-2.48354387538
-2.45274054682
-4.71176681018
-0.20759369566
-1.06239290147
0.129165675332
-26.0296678278
-3.95671849721
0.915062077645
-3.8164390242
1.92091745127
9.06692101363
1.31410572837
0.0315664964825
2.95576248782
-0.133662264584
-0.596808087802
1.14216713705
3.82703164374
0.754968615575
-3.63310436273
0.892717126835
0.116797349923
1.11686055129
-0.195986136049
0.745345000803
-3.04608227678
2.97027394492
-1.03082314726
-2.0933626951
0.515669585133
-2.40011705336
-0.870672681957
-1.41161123195
-5.93267664526
-2.45556504982
-2.32990238073
-2.18033494246
1.16725310114
-0.143790030954
0.26476612408
2.12568527395
1.66777066068
-1.84857390916
-1.21404335232
1.32926640625
2.17335933288
-17.3327350478
-0.601153860937
-0.430366235157
3.45726494725
0.264904805424
1.13898831873
1.00538570513
0.0952728165621
-0.00923773357669
1.11275721703
2.78686626416
1.87232026814
-0.11853247657
-3.18469786546
-1.84730100358
-1.10054829081
1.28618131209
2.91950072485
-10.5919430955
-0.264725391771
2.37511470892
0.587903730392
1.91878359715
-1.682280701
4.84689238063
2.51423075977
-1.94288994775
1.20463118044
-0.622806877962
0.136768052563
-0.940365131631
5.83988844564
-0.0433957282776
1.3806126245
5.4082959445
-2.07500448844
-2.29327165126
7.69430694271
-1.36185228972
2.17754423728
2.48397406376
0.343433586192
-0.720388996236
-2.48166137692
0.951365364257
-1.10397696614
-2.23742752569
-0.783465543009
-0.876947244557
1.66235205394
0.597393698497
2.66779284617
-11.1393543901
-20.3280236215
0.294423623027
2.92656860712
0.315189585417
6.05264375446
-1.24719907518
-0.756768855842
3.13851282532
0.278019472412
0.216719799437
2.10076277489
3.23641749875
-0.321473985319
0.576082745033
3.91347165065
-0.850858956075
3.06484939257
2.51074419557
1.2094844603
1.07922245022
0.0657517720471
-4.30308030354
7.626938021
-24.3511928686