2.04437815381
-4.78977987761
-2.46423923812
0.818436592536
3.11585502159
-3.21194331197
-1.35694309823
1.47244258996
-1.6907823679
0.852401924107
-2.67792292743
-14.2769519133
2.09582892572
0.232700885224
-3.30486346226
2.75984569887
-0.338618285874
8.65207364173
2.51168284666
-2.24866097619
-2.93196868907
1.34243396099
1.59051951376
-16.3630300236
0.995322952531
1.19811503168
0.0304248161177
2.97390194716
-1.67096679557
-2.80800094077
-0.714614941146
2.5712666057
1.75142892918
2.80609825598
3.5372276473
1.18223744487
0.538795079714
-1.16497125387
-1.52974882492
1.59294928123
0.330338660763
0.737513726958
1.63507802897
-0.00805632258799
1.59355897806
2.06820747944
0.961231261444
0.630850563888
0.873471024191
0.815204925463
0.37442969107
-0.188306548635
0.066778526894
-0.18892435932
1.2056610089
0.57423039855
0.76670658412
-3.56333632197
-0.504074614218
0.611614985365
0.166886630637
-0.0425909428548
-0.3500540726
-2.6908119065
-1.35495160027
0.911977125995
-0.225699270409
-1.42573054332
-0.00818145400606
0.929353252157
-0.150909337384
0.24187145485
0.344935461051
1.24844829755
-1.31778807164
2.54469270661
-0.130960552108
0.146723376911
-0.352396998576
-0.753917687318
1.04907301814
0.756883426947
-0.130367288479
-1.15046684957
1.17320614426
0.450766195885
0.655623329374
0.605851443219
0.650620683674
1.03233925436
0.1614164009
0.220254815183
0.626426747681
0.312002834414
0.382940447787
0.740555521842
0.0785748593985
-0.244138349629
0.907825884051
0.315969171358
0.877410082598
0.20328891845
0.675605749853
0.179698295107
0.496704103757
0.471129843693
1.11013926499
-0.906017907026
1.11343790184
0.678494610261
1.90691163697
0.200710850698
0.663289090122
0.0683545182154
-2.86565586306
-0.0776226234169
0.210596825016
0.365160035779
-0.564788654371
-1.05180742857
0.302836838066
-0.0609890286209
-0.789911444774
0.176073771186
-0.583839344789
1.23636927543
-0.208681996145
-0.138919967932
-0.228688461886
-1.58939591267
0.688150668855
0.252182950562
-1.01615904552
-2.34434222439
1.16739041327
-0.642510520033
0.877481133963
-0.298705766324
0.0243278867664
3.32160247407
1.38509135408
0.310506366454
0.129951568064
0.640109349045