-0.864293803949
-1.47857306132
-1.33249524449
2.48242275937
1.72971033298
-0.258415519103
-0.18055787198
0.66083928077
-1.33087267353
-7.74822717236
-0.643208679377
0.997127949143
-5.07633349998
1.31253751262
0.934810029021
4.36542436193
5.82170647287
1.09242912889
-0.397678340637
-0.209664235495
-2.18010938129
0.0567877015044
-0.156447689346
-0.942145287135
-1.94280634587
0.402264393966
0.39062433706
-2.49038987018
-1.93587707128
0.505560907625
-1.58923527265
2.98075346439
1.59251878373
-0.548062740373
-0.518289966359
-1.28622840671
-1.63636478527
0.0138602993146
-1.39572034685
-0.449653926239
0.577717989123
1.0179886393
0.533691024567
1.42501308926
1.04261220811
0.964834529514
0.384350949561
1.04959786282
0.519686748188
0.636710824178
-0.0752633648516
-0.878871423643
-0.581217350923
-0.119307025408
-0.889275771693
-1.54938117325
-2.09449876708
0.720986890254
0.56307608949
0.168123269534
-0.673005624973
1.96907631861
0.139236881562
2.12153673795
-0.0344073950601
0.509182050491
0.652828391717
1.48359934597
1.31627446856
0.615551098117
-0.63222916234
0.90144795003
1.43947738845
1.02585055852
-0.81457137119
0.682978795903
0.147514606431
1.16936123446
0.0226730000634
-0.427290287096
-0.121058637505
0.00144137342008
1.14337373
0.815162799848
0.610390282398
0.421670138813
1.48378474366
1.62400671326
-1.14313351165
0.496103723545
0.778785807058
0.60870130536
-0.118559085771
-1.82776558118
0.537074334216
-0.146784541637
0.46150368464
0.383812033518
-0.581788055305
0.530321251806
-6.17362542745
0.758580371593
2.74878037364
0.644870596637
2.98503106555
1.43550135606
-0.618090522333
-0.32575602994
0.367142790213
-0.0968382058539
0.910632426975
0.648141046935
-0.920328551947
0.0559982221657
-7.0582834679
0.174554959571
0.459400891412
-0.192618950005
-5.52615316301
1.12506310195
0.198072456664
-0.297594021776
0.698625752593
0.479171107066
-1.62642733302
0.141593097087
-0.596703244631
0.338714978014
-1.15117257367
1.05523701168
-0.368900791143
0.945354747222
-1.44190848579
-0.0384578797325
-0.403390162149
-1.18669180161
0.230077043415
1.27469709615
1.46409162125
1.77501313731
1.58475989078
0.888253566662
-0.629208568542
-0.541726156871