0.218216561886
-0.484673304683
0.121114063839
0.953773321303
-3.20726675291
-3.04441360196
-4.05582618585
0.707523457109
-2.88597987621
1.52780666463
0.608296568302
-9.46111773153
-3.00715759532
1.25710906621
-1.90366785099
-3.13798439326
2.73341754756
2.40924692927
-2.09474609182
0.674696076062
-0.544898113784
2.16803001413
-2.79129782481
0.156361215288
2.07540467629
1.78323820224
-1.29639511983
1.67072167141
-3.70307942082
3.17696178542
3.32484027088
0.0734249462143
2.08520904845
0.772797702391
2.0354592405
-2.09369427989
-2.38258791967
-1.05832282598
-2.58272315483
-1.65889155504
1.45937085254
-0.397982793085
-0.970301050986
1.34765061738
0.605375449143
0.329472852818
1.1033168236
1.3159008554
-0.0365507948201
-0.0354136761846
-2.64658664094
-0.903563405995
0.62325198552
-1.04734797376
-0.441844163525
-0.0511031626993
-1.92987162583
0.226373366013
0.597887356271
-1.04518493755
0.296730131605
-0.158853141067
-0.000940956379438
-0.261495882792
-0.229943471104
0.772831339746
-0.299366450757
0.563594476798
0.550608166764
-0.280497313782
0.650553281796
0.302899424819
-0.0909741166744
-0.026746464288
-0.832022855504
-0.689687532499
-1.27020948321
0.0296300486353
0.174525497285
-1.01553368851
0.0923745032383
-1.71539739805
1.06051839349
0.0133577600888
0.220751408526
0.0236239068246
0.175186092024
-1.45249648935
-2.94175203308
0.614800318858
0.110591683694
-0.354506327664
-0.124865429691
0.0118542054778
0.893077677404
0.495996751739
-0.506550067476
-0.24656619338
-0.749092566643
0.415049317758
0.234984091666
0.578536485334
0.56878697805
-0.168866821348
0.214198080283
-0.694114471633
0.268304772595
0.617242606834
0.257933764505
0.704717882377
1.24891362272
0.542631121063
0.726971847443
-1.83846846755
-0.993941224064
-0.234942266547
-0.108856811272
-0.45986950314
0.396513493091
1.04329295169
1.49156161256
0.988643973153
1.17363102678
0.689966578897
0.349220929385
0.660299732106
-0.28030770805
-0.359230290315
0.42779101815
0.835372445137
0.939962229505
1.07143619884
-0.0662760079505
-0.772468382548
-1.07701931474
-1.22672244273
0.223116057013
-0.163912755323
1.29347124672
2.05111052671
2.22342582052
1.98705270203
-0.634810073513
-0.394091069553