-0.970658458223
-4.20180159447
-1.5611496768
2.07234967085
1.82683719405
-0.711154954535
-8.67962545676
1.41359045217
-1.75214492039
-13.8055557993
0.395756249256
-0.0978096283955
-3.57167806964
3.42568182611
2.68047877126
-3.53740659027
1.37057462983
3.64122689246
-6.55098635301
2.1804628984
0.610863970191
2.37273076892
2.286735181
0.267142508324
2.13918690233
1.31471717081
1.18323828288
-0.409064138454
-0.269489102284
-0.418930612668
1.96464130685
1.75129832497
2.27509651737
0.719531093834
-0.0495972159417
0.292590029928
-1.07875598992
-0.488186209441
-1.411504733
-0.472409251468
-0.362385521622
0.142246538382
0.913631848599
1.29163956524
0.298638836118
0.275708064728
0.649847104207
0.692279456826
0.473433668585
0.0191025156354
0.190192219398
-0.340238146977
-0.48030567408
-0.14234961888
-0.526501606467
-0.358328195592
-0.863130424157
-0.178108663424
0.673606140332
-0.150391750545
0.772187635025
0.946711405894
0.424486044376
1.4908029246
1.10995210424
-0.00592138671801
0.39914217221
0.707246490471
1.09945310941
0.314009818167
0.427598043671
-0.707733746867
0.83407663951
0.739457156751
0.150329194182
0.934258501142
0.438174332374
0.929741027181
0.194214544837
0.492547179435
0.166564116255
0.514606401892
-0.261741084905
-0.249189640944
0.391122044108
0.310482493434
0.404891398284
0.643963005605
-1.7446673795
0.505469783046
0.31194602322
0.690556097733
-0.0250411107235
-0.189368110586
-0.236937030786
-0.297625135091
0.526353985144
0.623750577559
-0.137586893184
0.863320397941
0.431272041531
-0.397699264163
-0.196261712674
0.582858418473
-0.355912477199
1.41381097461
0.0488330384168
-0.556326181557
0.299626481741
-0.118858960136
0.0882124636678
-0.337187149957
-0.832511557654
0.354474534734
-3.9652788969
-0.0948396842919
-1.12241418874
0.408886818071
0.100480882443
0.507412914104
-0.180260286544
0.0696958117512
-0.181181287201
-0.698247593329
0.23468394044
-0.355552070209
-0.969910956039
0.219276798312
-0.996105793531
1.15156712322
-0.0897752530269
0.677856628453
-0.987470385969
-1.20940199262
-1.35548184591
1.1983492401
0.556372120266
1.04437709606
1.02822706373
0.875162705282
0.428967539337
1.01135790748
0.127915726211
0.293778760991